20	-1	-1
0	9	14	17	18	26	28	29	31	32	37	44	46	53	62	67	76	84	85	92	93
0	6	7	15	20	24	32	35	39	44	52	55	57	65	68	77	79	85	93	95	99
0	4	10	12	18	26	27	30	34	39	46	47	50	57	60	69	76	78	80	89	92
0	4	13	21	25	33	35	44	45	50	56	65	67	74	77	80	84	90	95	98	103
0	7	9	17	24	32	40	45	53	58	60	66	72	75	78	83	87	96	104	110	116
0	3	9	16	22	29	33	37	45	48	49	53	57	59	63	69	71	72	77	79	80
0	2	11	14	21	23	31	35	43	52	56	61	69	70	72	81	83	90	98	107	114
0	9	12	18	22	28	33	38	41	43	52	55	56	57	61	67	71	74	75	83	90
0	2	7	11	18	27	28	32	33	36	40	44	47	55	64	70	71	76	80	86	87
0	6	11	19	22	27	33	39	41	42	47	51	57	59	61	66	72	74	77	86	91
0	8	15	20	24	26	31	40	45	47	51	57	63	65	70	79	84	92	99	108	117
0	4	9	17	19	24	28	31	33	40	46	49	56	57	62	63	65	68	70	76	77
0	9	16	19	23	27	30	32	37	42	43	48	50	57	65	69	72	79	82	88	95
0	7	15	20	29	32	34	40	43	49	55	64	65	74	80	88	93	94	103	105	109
0	6	13	19	24	30	34	40	47	51	59	61	63	69	74	75	79	84	85	91	92
0	2	11	17	18	27	31	35	36	44	51	52	57	64	73	78	86	87	92	93	101
0	3	11	15	19	23	25	30	31	32	37	45	49	55	56	59	66	74	80	89	92
0	5	9	18	19	20	25	27	30	37	40	48	55	63	72	80	85	91	95	101	108
0	8	15	19	28	30	34	36	45	50	57	59	62	71	80	85	91	94	100	103	112
0	7	13	14	23	24	33	37	43	46	48	49	57	60	68	77	86	90	95	103	110
