20	-1	-1
0	7	13	16	18	19	21	24	28	36	37	43	50	58	64	71	72	81	84	91	92
0	8	12	14	23	30	37	42	51	54	60	63	69	76	84	86	92	101	108	109	115
0	4	13	15	20	29	38	39	48	53	58	67	71	79	83	87	94	100	103	112	114
0	8	14	18	27	32	36	40	46	55	56	65	74	78	80	83	88	89	90	92	95
0	1	9	11	15	19	25	34	35	44	46	50	56	65	69	74	81	86	95	99	104
0	4	13	19	24	32	36	38	44	52	59	66	72	75	77	82	85	92	99	100	101
0	2	7	16	24	29	33	42	43	48	57	63	67	71	72	74	79	80	82	88	91
0	5	6	7	13	18	20	26	28	30	36	39	40	49	56	61	64	68	75	84	85
0	3	4	6	8	14	16	23	27	29	36	42	47	56	58	62	71	77	83	84	89
0	4	9	14	21	27	33	39	45	53	60	61	64	72	75	77	80	83	91	100	107
0	8	14	18	19	21	26	34	42	48	56	59	65	68	73	75	79	86	92	99	106
0	7	12	13	15	21	24	25	33	42	45	51	54	63	71	76	79	83	84	86	88
0	5	10	13	18	25	28	32	33	35	40	49	53	55	57	61	66	73	81	86	92
0	9	13	14	21	23	31	39	42	47	53	60	65	73	81	90	97	98	107	111	118
0	2	11	14	23	25	30	34	36	37	42	49	58	67	76	80	84	91	95	97	105
0	7	10	13	22	25	28	37	42	49	58	66	70	78	87	91	95	96	100	108	110
0	5	13	21	22	23	27	32	35	38	44	47	49	51	59	64	68	72	81	88	95
0	3	5	8	11	17	19	27	34	42	48	55	62	70	78	84	90	94	101	105	113
0	9	12	18	23	24	32	39	44	45	53	58	59	63	65	67	76	78	86	95	103
0	8	16	19	20	24	28	34	43	44	45	46	51	57	60	63	66	73	74	78	80
