20	-1	-1
0	8	11	12	16	18	25	33	35	43	48	53	58	67	75	77	83	89	91	97	102
0	1	10	17	25	31	37	41	45	49	58	67	72	74	76	78	84	91	96	103	105
0	3	8	15	21	27	28	31	33	38	41	42	48	54	61	66	75	82	83	87	96
0	9	13	16	21	28	34	36	45	53	61	67	75	76	81	90	97	106	110	118	122
0	8	11	14	21	24	25	28	32	41	44	47	53	61	65	66	74	76	79	80	88
0	6	13	15	19	24	33	38	46	50	59	61	68	72	74	81	90	98	101	110	116
0	8	12	16	25	31	37	46	51	56	60	63	65	69	77	79	82	83	90	97	105
0	9	12	13	18	21	22	24	27	34	41	46	48	50	53	59	68	71	74	79	80
0	3	5	8	14	16	24	25	27	28	35	40	44	49	54	59	60	67	76	81	90
0	8	11	13	17	19	27	35	39	47	55	56	63	70	76	85	91	94	98	101	106
0	8	11	15	20	27	28	33	42	49	53	54	59	67	76	77	80	89	96	103	112
0	7	16	25	32	36	44	51	53	62	71	77	81	89	90	91	99	106	112	118	127
0	5	9	14	19	25	26	31	38	45	46	52	57	60	63	68	72	77	86	93	102
0	4	12	13	20	26	31	37	38	39	45	51	52	55	61	65	70	78	80	83	91
0	7	9	16	17	18	20	29	38	46	52	61	63	72	76	78	84	88	95	98	100
0	2	7	14	18	22	25	28	34	38	47	52	60	63	68	75	82	86	95	98	103
0	5	8	9	16	18	26	30	34	41	43	50	58	65	71	80	83	84	86	88	94
0	2	5	7	9	13	19	25	34	36	44	46	53	58	61	68	73	74	77	84	92
0	4	11	17	24	30	33	35	44	48	52	60	61	70	75	77	81	86	95	104	108
0	3	5	7	12	13	19	22	29	34	41	46	48	55	62	66	71	73	76	79	88
