20	-1	-1
0	1	9	13	14	22	28	31	33	34	35	37	40	43	50	51	58	64	65	71	72
0	9	18	26	32	40	47	54	63	71	72	81	89	96	97	102	107	108	117	126	135
0	7	16	18	25	33	41	50	51	59	63	72	77	83	92	93	102	108	113	118	120
0	5	8	10	19	23	24	32	33	37	41	47	54	56	59	62	69	76	81	88	96
0	9	16	23	28	29	34	39	40	48	50	57	63	67	74	77	80	82	86	92	95
0	2	8	17	19	21	23	30	38	47	51	56	62	71	79	88	92	95	99	104	111
0	1	9	14	15	21	22	28	35	37	44	52	57	58	65	71	77	79	86	92	99
0	8	17	26	32	40	46	53	58	62	68	73	77	82	91	98	105	110	117	125	128
0	9	12	16	21	28	33	34	43	48	54	62	64	69	76	84	92	101	106	110	113
0	6	14	18	19	21	24	26	33	38	39	40	43	50	56	64	71	77	86	91	100
0	6	11	20	25	31	32	38	45	54	56	64	66	75	84	86	90	94	95	99	106
0	6	13	17	19	26	32	37	44	51	55	63	70	75	80	83	91	92	95	97	102
0	3	10	18	20	28	34	37	45	53	62	69	77	80	85	91	94	98	103	107	115
0	6	13	15	20	29	37	40	46	51	56	63	65	71	79	88	96	100	102	106	111
0	2	3	6	9	18	26	30	35	37	41	47	56	57	59	64	70	79	82	90	92
0	3	11	12	13	21	26	30	37	45	48	51	59	60	68	69	73	82	88	97	102
0	5	8	16	25	32	35	40	45	48	57	64	69	75	78	83	87	91	100	103	109
0	5	14	19	24	26	35	39	46	54	62	70	76	83	90	94	102	108	111	114	115
0	3	8	12	14	16	22	27	29	31	32	37	40	48	55	57	59	63	72	81	82
0	9	13	18	24	31	40	47	48	54	59	65	73	79	86	90	94	98	107	108	117
