20	-1	-1
0	2	4	9	10	17	20	27	34	42	50	55	57	66	71	74	83	88	90	91	95
0	8	10	19	28	34	43	51	55	61	66	73	75	81	82	85	86	95	104	109	113
0	2	4	5	11	16	23	29	35	36	37	41	50	58	61	64	67	68	75	79	87
0	6	7	16	23	31	37	41	44	47	53	57	63	69	77	79	87	96	97	105	112
0	3	6	14	19	22	29	37	44	52	55	60	65	71	79	86	92	101	110	118	124
0	8	15	17	21	24	33	40	45	46	55	60	64	68	76	82	87	96	100	104	110
0	5	7	8	10	13	17	23	30	33	42	44	49	52	59	65	66	68	71	74	83
0	2	3	5	14	21	30	36	38	40	42	44	47	49	51	56	62	65	69	73	82
0	5	10	18	27	36	38	41	44	48	55	59	68	69	75	76	82	89	96	105	110
0	4	12	15	17	21	28	31	40	42	50	53	61	64	68	76	83	90	99	103	106
0	3	6	10	11	14	17	20	28	36	38	47	48	50	51	60	61	66	70	75	77
0	5	9	15	23	27	29	30	33	38	42	51	53	60	61	70	75	80	82	85	90
0	4	13	21	23	25	30	34	41	43	47	48	53	55	64	73	75	77	84	90	96
0	3	8	9	16	19	22	26	27	31	34	42	45	46	49	58	63	71	76	83	87
0	6	8	15	19	26	34	37	46	55	58	64	70	75	77	78	79	88	96	104	107
0	7	15	17	21	24	28	29	37	44	50	55	63	69	75	83	87	96	104	113	114
0	2	6	13	18	19	24	31	34	38	44	52	55	58	64	70	77	82	85	93	95
0	6	8	14	22	27	30	37	41	48	51	53	55	62	65	72	75	77	78	87	88
0	4	9	14	15	23	30	38	45	49	50	58	63	65	68	71	75	76	83	87	89
0	7	12	14	16	19	21	25	32	33	37	45	51	59	67	75	83	85	93	99	107
