20	-1	-1
0	5	9	15	16	22	25	29	31	39	47	55	58	63	66	68	73	78	84	86	91
0	7	16	20	28	33	34	38	41	43	47	56	58	63	65	70	77	80	89	90	97
0	1	2	11	14	19	28	32	36	41	47	51	60	69	74	79	86	87	89	97	101
0	3	11	16	21	22	26	34	40	45	49	54	61	67	71	78	83	86	88	90	92
0	6	9	10	15	19	22	28	37	39	45	53	59	64	68	70	78	84	87	90	93
0	5	11	20	26	35	39	43	51	57	60	63	72	77	79	83	84	91	100	107	116
0	5	10	19	20	27	31	38	46	53	62	66	72	79	87	94	95	103	112	116	119
0	6	12	20	23	31	37	40	41	43	45	51	54	60	66	74	78	86	95	101	109
0	9	15	20	21	27	28	35	39	44	46	47	50	51	53	54	61	66	75	80	86
0	3	6	7	12	19	25	31	33	34	36	38	44	53	55	62	64	69	71	75	80
0	9	17	24	28	32	33	34	43	48	51	56	61	64	72	74	81	86	88	94	97
0	4	13	17	23	26	31	39	46	47	49	58	63	66	68	71	73	78	79	82	90
0	4	10	17	18	20	29	33	41	49	58	63	67	68	73	75	79	84	85	91	92
0	6	11	20	23	31	37	41	45	50	52	57	61	65	74	83	88	96	104	107	109
0	6	9	17	18	19	21	23	27	32	33	39	48	56	65	74	77	83	91	98	106
0	7	8	15	23	27	31	33	37	40	47	56	65	66	73	74	76	83	91	99	102
0	9	15	23	32	33	35	40	48	57	63	68	77	81	86	89	94	97	101	102	105
0	6	11	17	22	29	32	37	42	44	46	49	52	56	63	67	71	72	75	80	86
0	2	5	13	20	25	33	38	46	48	57	58	59	61	63	70	78	80	84	85	88
0	6	13	17	19	27	31	32	33	38	40	43	45	49	51	56	63	67	74	80	86
