20	-1	-1
0	3	7	8	14	23	26	28	35	44	51	55	60	65	72	75	78	79	80	85	89
0	1	7	16	21	23	30	32	35	40	44	50	55	57	63	66	68	69	77	78	86
0	5	13	15	24	25	30	39	40	49	56	65	72	75	76	81	88	93	100	104	109
0	1	2	3	8	14	19	24	32	40	43	51	57	65	67	73	81	87	91	94	95
0	2	3	9	10	11	16	24	25	27	36	38	47	51	53	57	64	65	74	83	85
0	4	8	17	20	21	28	37	46	52	57	66	74	82	87	90	95	104	113	118	126
0	3	11	16	24	33	39	47	52	56	62	65	70	79	82	86	87	90	92	101	104
0	2	11	12	16	23	27	35	40	48	49	55	59	63	69	74	76	77	81	86	89
0	2	4	9	18	20	25	30	38	39	41	44	52	54	60	61	67	68	71	78	84
0	6	8	12	18	27	35	39	45	48	53	54	59	60	63	66	75	84	87	93	96
0	1	3	8	13	20	22	30	38	44	46	47	53	62	66	75	77	83	89	94	97
0	1	6	8	9	11	13	17	26	34	41	49	50	51	57	63	64	68	75	76	77
0	5	9	10	14	15	22	28	31	39	40	41	43	50	54	56	64	72	77	81	90
0	3	12	20	25	27	34	41	47	56	62	64	66	72	81	85	92	96	101	110	118
0	1	3	11	19	21	27	32	39	42	44	47	51	58	67	68	75	83	92	98	100
0	6	11	17	22	27	34	42	45	48	50	52	55	64	65	72	77	85	93	99	101
0	1	8	11	17	21	25	28	31	33	36	45	47	49	58	61	62	69	76	83	92
0	5	8	13	14	18	22	31	32	34	39	44	48	52	59	68	74	75	79	82	86
0	9	18	27	35	38	42	45	51	60	67	69	74	75	82	87	94	101	110	118	127
0	1	7	13	22	30	37	46	53	54	57	60	61	63	70	77	78	82	91	100	104
