20	-1	-1
0	9	12	20	28	37	44	47	55	58	63	72	81	88	97	98	99	103	105	112	118
0	4	11	14	15	20	23	29	31	38	45	47	51	55	62	67	72	78	79	88	93
0	9	12	15	21	29	32	38	42	51	52	56	59	60	64	70	77	85	92	93	102
0	7	13	15	24	29	38	46	53	61	66	69	73	80	83	92	94	102	110	119	122
0	5	6	8	15	20	29	36	37	38	41	45	48	57	60	68	73	82	91	99	106
0	5	6	7	16	17	19	22	30	33	35	42	46	55	62	66	74	79	88	90	98
0	8	15	16	21	23	31	33	40	48	55	57	63	71	76	79	84	89	92	99	101
0	8	14	15	23	31	33	37	41	44	46	48	52	60	68	70	76	84	93	96	104
0	7	11	17	24	28	33	42	44	46	49	53	60	61	67	71	77	86	93	95	103
0	8	10	15	20	28	30	31	37	43	50	58	64	65	73	76	80	85	91	96	99
0	7	10	13	16	22	24	27	35	44	45	48	50	53	61	67	69	72	77	79	83
0	5	8	13	14	19	27	31	36	39	43	44	47	52	60	69	77	80	85	92	95
0	6	13	16	19	25	34	39	44	47	56	60	64	72	79	84	93	95	96	104	111
0	9	11	12	21	24	33	40	43	52	56	57	60	65	68	73	76	85	92	95	102
0	4	7	16	24	29	38	41	47	49	51	54	55	57	61	65	73	78	85	89	91
0	2	4	10	16	24	31	40	44	49	56	60	61	67	72	81	87	90	99	101	103
0	4	9	11	16	24	27	31	35	41	42	46	51	59	62	65	67	68	74	81	83
0	5	10	14	17	23	25	28	37	40	44	46	50	51	59	67	72	77	85	93	95
0	4	6	7	11	19	26	28	36	40	46	47	48	49	58	66	67	72	79	87	90
0	9	18	26	31	35	36	39	42	50	59	68	77	82	87	92	100	109	118	122	123
