20	-1	-1
0	9	18	23	29	35	36	41	50	53	61	69	70	72	77	80	87	96	97	102	104
0	2	4	6	15	20	21	23	32	34	42	43	48	56	60	63	66	71	78	82	91
0	1	5	7	16	19	22	27	31	37	43	45	54	61	69	75	83	86	91	94	99
0	7	14	23	30	34	41	44	51	58	67	71	79	87	95	103	110	113	116	117	126
0	4	9	17	24	25	34	39	44	50	58	65	71	79	88	90	92	101	110	112	121
0	1	3	4	11	19	21	23	29	34	35	39	41	47	56	65	68	70	71	72	79
0	9	16	19	25	33	40	44	48	55	58	67	75	77	82	88	96	103	110	113	122
0	5	10	11	14	15	21	24	29	36	43	44	52	53	55	63	65	74	77	81	84
0	2	9	15	24	33	40	41	45	51	55	59	62	66	74	77	83	87	92	101	108
0	5	8	10	15	21	27	29	32	39	45	49	53	62	65	72	76	85	93	97	99
0	2	3	4	9	16	25	29	34	37	45	48	56	57	58	59	61	63	72	74	75
0	6	13	20	28	30	37	44	45	46	53	55	61	68	73	81	82	83	92	99	105
0	4	10	19	24	31	36	45	50	58	62	64	69	77	80	81	89	95	102	103	106
0	3	12	17	22	31	37	39	42	48	53	54	60	67	75	81	82	90	96	103	108
0	9	16	19	20	22	25	31	38	43	52	59	62	65	67	76	77	80	89	90	92
0	2	6	14	18	25	28	36	40	47	52	55	58	64	73	80	89	90	92	95	104
0	8	10	15	22	24	33	36	39	42	51	56	58	60	62	64	66	72	80	86	87
0	8	10	12	13	18	25	26	30	39	45	54	56	64	71	80	82	89	94	97	103
0	5	7	9	15	17	21	30	39	47	56	59	64	72	75	83	84	91	98	107	112
0	5	6	8	9	13	22	27	33	42	47	51	54	61	70	75	78	85	90	98	100
