20	-1	-1
0	8	11	18	19	27	32	35	38	40	43	46	47	56	65	73	77	82	89	91	94
0	7	14	23	32	41	44	49	54	59	64	70	78	81	88	96	102	109	110	118	123
0	7	11	16	21	27	31	39	41	44	47	56	63	71	76	85	86	94	102	104	110
0	6	15	21	22	30	34	38	41	42	46	48	51	54	57	64	67	71	76	80	84
0	7	11	12	20	26	32	36	38	39	45	47	49	51	57	65	74	81	84	86	88
0	6	7	14	16	24	29	38	41	45	51	54	56	63	68	72	75	76	81	89	90
0	2	3	7	15	21	28	37	45	54	57	61	68	77	84	86	93	97	101	102	107
0	1	10	17	20	22	28	35	39	44	53	60	64	68	69	76	82	91	97	100	105
0	8	12	20	29	37	43	52	59	61	64	69	72	77	81	89	90	98	105	110	119
0	1	5	13	14	18	26	32	36	39	40	44	53	57	58	64	72	75	83	87	89
0	3	6	12	20	27	32	36	43	44	51	57	66	68	70	79	88	92	93	94	99
0	3	6	14	20	28	29	31	40	47	48	50	52	53	60	67	75	80	87	89	98
0	2	9	12	17	20	26	34	39	40	48	53	55	64	65	73	81	85	94	102	104
0	3	12	16	24	32	35	43	50	58	61	67	70	77	78	81	87	90	99	108	115
0	6	12	18	19	23	28	34	43	49	52	61	65	70	74	77	83	88	91	95	102
0	7	12	13	20	24	31	32	41	42	44	46	50	58	59	68	75	80	88	97	100
0	4	5	8	11	18	25	29	32	41	43	45	48	50	56	58	67	73	74	83	90
0	7	12	19	27	30	39	47	56	59	61	67	71	74	83	88	95	99	104	110	114
0	9	11	14	15	18	24	25	29	38	45	47	55	63	69	71	72	77	82	87	94
0	7	11	19	28	33	41	43	48	56	58	67	75	77	81	89	90	91	96	98	101
